99 99 99 99 99 99 99 99 99 99 49 49 49 49 49 49 82 82 82 82 82 82 82 82 3 3 89 89 89 89 89 89 89 89 89 18 18 18 39 39 61 61 61 61 70 70 70 3 3 3 3 67 67 67 67 67 67 67 22 22 22 22 22 22 47 47 47 47 99 99 99 99 99 99 15 15 0 0 0 0 0 47 47 35 79 79 3 3 3 3
47 47 47 47 47 47 47 47 47 47 16 61 61 61 61 61 61 61 61 61 49 49 49 49 32 32 32 32 32 32 32 95 95 95 95 95 95 95
9 9 38 38 38 38 38 38 38 69 69 69 69 69 69 69 69 75 75 75 75 75 49 49 49 49 49 28 28 28 28 28 28 28 83 83 83 83 83 49 49 49 49 49
20 20 20 20 20 20 89 89 89 89 44 44 44 44 44 44 1 1 1 1 1 1 1 1 1 49 49 49 49 8 91 91 91 12 12 12 12 12 12 12 12 49 49 49 49 49 49 99 98 98 98 98 98 98 35 35 35 55 55 55 55 55 55 55 51 51 51 51 51 51 51 86 86 86 86 91 91 91 62 62 76 76 76 76 76 76 76 76 76 95 95 95 95 95 95 95 95 95
66 66 66 66 66 66 80 80 80 80 80 12 12 12 66 66 66 66 66 66
88 88 50 50 50 50 50 50 30 30 30 30 86 86 86 86 86 86 4 96 96 96 96 96 96 96 96 96 96 11 11 11
17 17 17 17 17 17 17 12 50 50 50 44 83 83 83 83 83 83 35 35 35 35 35 35 35 35 35 35 11 50 50 50
30 30 30 30 30 30 37 37 37 37 37 37 37 37 37 37 9 9 9 9 9 29 29 60 60 60 60 60 60 60 37 37 37 37 37 37 37 69 69 69 69 69 69 69 69 69 69 25 25 25 25 25 25 69 69 69 69 69 14 14 14 14 14 14 14 14 25 25 25 25 25 25 25 25 25 86 86 86 86 86 86 60 60 60 60 22 22 22 22 22 22 22 22 22 68 68 68 68 68 68 68 68 68 68 19 19 19 19 19
25 25 25 25 25 25 25 0 0 0 0 0 0 0 0 0 0 50 50 50 50 50 50 50 50 50 50 79 79 79 79 79 79 79 79 79 79 82 82 82 43 85 85 85 85 85 47 47 47 47 47 47 47 47 47 20 20 20 82 82 82 82 82 82 82 82 82 85
0 1
39 39 39 39 39 39 39 39 39 39 84 84 84 84 84 84 84 84 84 45 45 45 45 45 45 86 86 86 86 86 86 86 86 86 60 60 60 60 60 60 60 60
19 19 19 92 92 92 92 92 92 92 92 23 23 23 23 23 23 23 23 11 11 11 44 44 44 44
92 92 92 92 92 92 92 92 92 41 41 41 41 41 78 43 43 43 89 89 89 89 89 89 79 79 79 79 79 79 79 79 90 90 90 71 71 71 71 71 71 71 71 34 34 34 34 91 35 35 35 35 35 68 25 25 25 25 85 85 85 85 85 85 85 85 78 78 78 78 98 98 98 98 98 50 50 50 50 50 50 50 50 50 35 50 50 50 50 50 50 50 50 50
7
79 79 79 79 79 79 79 79 92 92 92 92 92 98 98 98 98 98 98 98 98 98 75 75 75 75 75 75 61 61 61 61 61 61 61 61 61 90 90 15 15 15 15 15 15 15 5 5 5 5 5 5 5 15 15 15 15 15 15 15 63 63 63 63 63 63 63 63 63 76 76 76 76 76 76 76 76 76 76 76 76 76 76 76 76 79 79 79 79 79 79 79 79 79 79 49 49 49 49 40 40 40 40 40 40 40 40 40 57 57 38 38 38 38 38 38 38 38 38 38
1 1 3 3 3 2 2 2 2 14 14 14 11 11 11 2
88 88 98 98 98 98 98 98 98 0 0 0 0 0 0 0 0 0 92 92 92 92 92 92 92 92 47 23 23 23 23 23 23 23 23 35 66 66 66 66 66 66 66 66 66 9 9 9 9 9 57 57 57 57 57 57 57 57 57 78 78 78 78 78 78 78 78 95 95 95 95 95 95 95 18 18 18 18 18 18 50 50 50 50 50 50 50 50 50 73 73 73 73 73 73 73 82 82 82 95 95 95 95 95 95 95 95 47
34 34 34 34 34 34 34 34 34 73 73 73 39 39 39 39 56 56 56 56 56 56 56 56 56 56 51 51 51 42 42 42 42 42 42 42 42 53 53 53 53 53 53 53 53 53 96 96 96 96 96 96 96 96 96 79 79 79 79 79 79 72 72 72 72 72 72 72 72 39 39 39 39 39 60 60 60 97 97 97 97 97 97 97 35 1 1 0 0 0 0 0 0 0 0
40 40 40 40 29 29 29 29 29 29 29 29 57 57 92 92 92 92 92 86 86 86 86 86 86 86 86 86 86
3
40 40 40 40 40 40 40 30 30 30 30 30 30 30 75 75 75 75 29 29 29 29 29 29 55 55 55 55 74 74 74 74 74 74 74 74 74 74 33 33 33 33 33 33 33 33 82 82 82 82 82 82 82 82 38 38 38 38 46 46 46 46 46 46 46 46 46 46 80 80 37 37 37 37 37 37
15 15 15 15 15 15 15 15 15 15 82 82 82 82 82 82 82 82 82
73 73 73 73 41 41 41 41 41 41 41 41 41 41
8 8 8 8 8 8 8 8 8 32 32 32 32 32
9 9 9 9 9 9 9 9 9
37 37 37 37 37 37 56 56 56 56 56 56 56 56 56 22 22 22 49 49 49 49 49 51 51 51 51 51 51 36 36 36 36 36 36 36 14 70 70 70 88 88 88 37 37 37 37 37 37 37 37 37 92 92 92 92 92 92 92 70 70 70
43 9 9 9 96 96 96 96 96 94 94 94 94 94 94 94 94 15 15 15 38 38 38 38 42 42 42 42 42 42 74 74 74 74 74 74 74 74 74 80 80 80 80 54 54 54 54 54 54 54 36 36 36 36 36 36 61 61 61 61 61 61 61 61 61 61 8 8 4 4 4 49 49 49 49 49 49 49 49 49 31 31 31 31 31 31 31 31 31 31 98 98 98 98 98 98 98 40 40 40 40 40 40 60 60 60 60 60 60 60 60 60 60
91 91 91 17 17 17 17 17 17 17 17 64 64 64 64 64 64 64 64 64 64 5 5 5 5 5 5 22 22 22 22 22 22 22 22 89 89 89 89 89 60 60 60 60 60 60 60 60 60 60 32 32 39 39 39 39 54 54 54 54 54 67 67 67 67 67 67 67 67 67 67 72 72 72 72 72 4 4 4 48 48 48 48 48 48 48 69 69 69 69 69 69 69
3 3 14 18 18 18 41 41 41 41 41 41 75 75 75 75 72 72 72 72 72 72 72 4 23 23 55 55 55 55 55 55 55 55 5 34 34 13 13 13 13 13 13 13 13 30 30 30 30 30 30 30 30 30 96 96 96 96 96 96 96 96 96 96 81 81 81 81 81 81 81 81 81 60 60 60 60 60 60 60 60 60 60
0
88 88 88 88 88 88 88 88 88 88 39 39 39 39 39 39 39 39 3 3 3 3 3 73 73 73 73 73 73 73 55 55 55 55 25 25 25 25 25 25 25 25 66 66 66 47 47 47 47 47 47 20 20 20 20 20 5 5 5 5 43 43 43 43 42 30 30 69 69
47 47 47 47 47 47 47 47 47 92 92 92 37 37 37 37 37 37 37 37 37 13 13 39 39 39 5 5 5 5 5 5 5 5 5 25 25 25 25 48 48 48 96 96 96 96 96 96 96 96 96 76 76 76 76 76 76 76 76 76 69 69 69 69 69 69 89 89 89 89 89 89 89 89 89
73 73 65 16 16 16 16 16 16 16 39 60 74 74 74 74 74 74 23 23 23 23 70 70 70 70 70 70 70 70 70 71 71 71 71 71 71 35 35 35 35 35 35 58 58 58 58 58 58 58 73 73 73 73 73 73 73 73 73 99 99 99 99 99 99 99 99 99 99 99 62 62 62 62 62 62 62 62 62 78 78 78 78 78 78 78 78 78 64 64 64 64 64 64 64 64 64 64 8 8 8 8 39 39 39 39 39 39 39 73 73
2 2
2 4 4 4 6 6 6 6 6 8 8 8 8 8 8 8 10 10 10 10 10 10 10 10 10
42 42 64 64 64 55 55 55 58 58 58 58 58 58 58 58 10 10 10 10 10 78 78 78 21 21 18 18 18 18 18 21 21
6
65 65 65 65 65 65 65 65 85 85 85 85 85 85 85 85 57 57 57 57 57 57 55 55 55 6 6 6 6 6 6 6 6 19 19 19 19 19 19 29 29 29 29 29 29 29 20 20 20 20 46 46 46 46 46 46 46 46 42 42 42 68 68 93 93 93 93 93 80 80 80 80 80 80 80 11 11 11 11 11 11 11 11 99 99 99 99 99 43 43 43 43 43
50 6 6 6 6 6 6 6 6 96 96 96 96 96 96 96 96 96 96 98 43 43 8 8 8 45 45 45 45 45 45 45 45 45 94 94 94 94 50 50 50 50 50 63 63 63 63 63 63 63 63 63 63 63 63 63 16 16 16 16 16 16 16 16 16 58 58 58 28 28 28 10 10 10 10 10 10 10 11 11 11 11 71 71 71 71 71 71 71 71 71 71 17 17 17 19 19 19 19 19 19 19 19 19 19
28 28 28 28 28 28 28 21 21 21 21 21 21 21 89 89 89 89 89 89 89 89 89 64 64 73 73 73 73 73 73 73 73 73 2 2 2 2 2 2 2 2 2 17 17 17 17 17 17 17 17 6 6 6 6 6 6 6 6 6 6 74 74 74 74 74 74 74 74 74 60 60 89 89 89 89 89 89 89 89 31 31 31 22 22 22 61 61 61 61 61 61 61 61 37
10 10 10 10 10 10 10 10 10 10
95 95 95 95 95 95 95 95 88 88 88 88 88 88 64 64 64 64 64 64 64 64 64 64 26 26 26 26 26 26 77 77 77 77 77 77 77 77 77 73 73 73 73 73 73 73 73 73 73 59 94 94 67 34 34 34 34 34
9
6 6 6 74 74 74 78 78 78 78 78 78 78 78 78 61 61 61 61 61 61 61 61 72 34 34 34 34 34 34 34 34 87 87 87 87 87 87 87 87 87 87 87 87 87 87 87 87 24 24 24 24 89 98 98 98 98 98 98 98 98 15 15 15 83 83 83 83 83 83 83 83 67 67 67 67 67 67 67 67 67 67 64 64 64 64 64 77 77 77 77 68 68 68 68 68 68 68 68 68 60 60 60 60 60 60 60 60 60 60
13 13 13 13 13 75 87 87 87 87 41 41 41 41 41 41 55 56 56 56 62 62 49 49 49 49 49 49 49 13 13 13 13 41 41 41
35 35 35 81 81 81 8 8 8 8 8 8 8 8 55 55 55 55 55 6 6 6 6 6 6 6 73 73 73 73 73 73 73 74 47 47 72 72 72 72 72 72 72 72 72 7 7 7 7 7 27 27 27 27 27 27 27 27 44 44 53 53 53 53 53 53 13 3 3 3 40 40 40 40 40 0 0 0 0 0 0 0 3 3 3 3 3 3 3 3 3
46 46 46 46 46 46 46 12 52 52 52 52 52 52 52 52 52 31 31 31 31 31 31 31 31 65 65 38 38 38 38 38 38 38 38 38 62 62 62 62 62 62 48 48 48 48 48 48 48 70 70 70 70 70 70 70 70 70 70 89 89 89 89 89 89 89 89 89 97 97 97 97 73 73 73 73 73 73 73 73 28 28 28 28 28 28 28 28 28 28 59 59 59 59 59 59 59 59
42 42 42 42 99 99 99 99 99 99 99 99 99 12 12 12 12 68 68 68 17 17 17 17 74 74 74 74 74 5 5 5 97
47 47 80 80 80 9 9 9 9 9 9 9 9 9 45 45 45 45 45 45 47 47
7 7 7 7 7 7 7