70.920 -38.797 14.354 99.323 90.374 7.581
-37.507 -3.263 40.079 27.999 65.213 -55.552
66.761 87.651 48.999 -61.485 -62.337 15.766 -63.753 -83.528 70.900 -60.298 23.184 80.369 -4.341 40.108 59.802 29.103 15.797 9.721 -77.452 -19.177
-34.142 -42.321 67.680 20.494 -1.842 -0.110 90.089 18.459 -73.760 39.677 -54.302 16.708 78.557 25.344
77.742 -80.421 -72.594 -77.252 -24.668 -29.782 -73.282 -10.572 95.283 24.087 18.847 42.695 -54.577
92.871 56.261 -19.124 -35.584 68.869 -67.774 60.799 56.294 15.004 -89.625 -82.986 17.668 10.863 40.122 -82.027 -83.865 -68.447 -33.759 73.926
18.145 20.878 38.309 -4.856 -24.782 -87.985 77.120 -95.998 -86.832 -4.465 -16.039 66.700 66.632 20.217
33.291 -1.392 78.144 93.916 -0.177 -65.492 99.403 -40.376 -58.275 -7.106 1.018 37.426 93.292 6.032 54.758 91.708 94.803 52.631
22.441 31.320 77.785 63.023 -59.337 -13.480 75.558 -32.481 -4.386 -71.585 -23.534
-55.557 28.605 8.520 19.898 -87.138 69.498 -43.445 -69.421 -34.389 -43.785 -21.733 23.277 -73.587 -25.466 -7.816 29.626 -52.315 -68.618
-39.010 18.077 55.989 90.648 89.722 -2.483 54.029 -74.213 -32.399 43.724 -37.257 -76.158 97.283 12.631 43.432 -8.529 -10.025
-77.084 55.426 15.008 -60.434 88.238 46.648 5.427 -72.284 80.336 0.579 -19.184 -54.567 62.046 -24.395 -99.063 -16.947
24.380 20.969 -37.036 5.125 32.456 -12.885 -41.567 22.036 -36.627 -55.329 -38.300 -41.871 -59.097
-9.068 29.014 -46.708 58.642 -69.386 -22.474 -29.889 -33.384 -62.925 -52.201 -81.193 13.471 -32.320 78.189 38.526 -53.470 64.957
4.364 48.986 55.650 -96.766 -80.944 -100.729 75.027 71.998 -33.854 -85.980 42.068 72.297 -68.618 77.163 -23.246 59.357 29.530 -87.426 -72.941 -61.657
-27.481 -83.778 24.879 77.449 95.159 -4.048 8.055 58.646 7.633 51.923 -1.569
1.080 80.628 92.966 -18.325 -73.155 79.504 -48.428 97.788 -19.535 81.158 5.181 5.690 53.641 -54.994 65.191 73.973 -91.164
14.997 27.982 17.564 33.585 -28.095 -52.389 -42.890 -47.226 -25.801 92.255 100.425 -5.915 7.015 92.171 63.664 22.677 52.477 -50.300
18.625 59.052 -84.529 -46.666 11.556 1.311 -3.354 48.967 61.885 63.092 -84.378
87.103 -63.501 27.766 -50.513 93.100 -87.918 38.852 -24.770 -35.716 -52.953 68.531
81.656 33.359 62.055 21.023 -73.073 11.948 34.825 34.804 84.578 -74.353 -77.053 -77.874 -22.005 28.373 73.972 -85.810 -89.365 -60.424
86.767 76.510 71.676 67.929 -88.103 100.106 -78.656 88.130 46.767 -27.041 -39.882 -52.988 55.933 26.794