1,1,1,2,2,3,3,4,4
2,3,4,5,5
8,9,9,10,11,12,13,14
10,10,10,11,12,13,14,15
14,15,15,16,17,18,18
1,2,3,4
15,16,16,16,16,17,18,19,20,20
10,10,10,11,12,13,14,15,15,16,17,18
7,8,9,10,11,12,13,14
5,6,7,8,9,9,10,11,11,11,12,13,14
5,5,6,7,8,9
2,2,2,2,2
1,1,1,2,2,3,3,4,4
6,6,7,8,8,9,9,9,9,10
11,12,13,14,15,16,17,18,18,19,20
11,12,12,13,14,14,15,16,17,18,19
11,12,13,13,14,15
12,12,13,14,15,16,17,18,19,20
15,16,17,17,18,18,19,20,20,21,21,22
2,3,4,5,5
5,6,7,8,9,10,11,12
13,13,14,14,15,16,17,18,19,20,20,20,20,21